Hostame
Max Throughput in 
Mb/s (routed-mode 
MIX)
Max tunnels Max Flows/s
Max 
Concurrent 
flows
Max NAT 
entries
1G RJ45 used 
ports
1G SFP used 
ports cible Cause 720 
ou 740
host-edge840-01 8 30 2000 50000 100000 3 1 710 10M
host-edge840-02 6 30 2000 50000 100000 3 1 710 10M
host-edge840-03 67 30 2000 50000 100000 3 1 710 100M
host-edge840-04 74 30 2000 50000 100000 3 1 710 100M
host-edge840-05 109 30 2000 50000 100000 3 1 710 200M
host-edge840-06 80 30 2000 50000 100000 2 2 720 100M SFP
host-edge840-07 154 30 2000 50000 100000 2 2 720 200M SFP
host-edge840-08 40 30 2000 50000 100000 3 1 710 50M
host-edge840-09 34 30 2000 50000 100000 3 1 710 50M
host-edge840-10 48 30 2000 50000 100000 3 1 710 50M
host-edge840-11 840 30 2000 50000 100000 2 2 720 1G IMIX FW + SFP
host-edge840-12 40 30 2000 50000 100000 4 0 710 50M
host-edge840-13 30 30 2000 50000 100000 4 0 710 50M
host-edge840-14 1430 60 21000 50000 100000 2 2 740 2G IMIX FW + tunnels + fps
host-edge840-15 88 80 2000 50000 100000 3 1 720 100M Tunnels
host-edge840-16 184 80 2000 50000 100000 3 1 720 200M Tunnels
host-edge840-17 1059 80 19000 480000 100000 2 2 740 2G Max concurrent flows + tunnels + Imix
host-edge840-18 44 30 2000 50000 100000 3 1 710 50M
host-edge840-19 38 30 2000 50000 100000 3 1 710 50M
host-edge840-20 39 30 2000 50000 100000 3 1 710 50M
host-edge840-21 59 30 2000 50000 100000 4 0 710 100M
host-edge840-22 289 30 2000 50000 100000 2 2 720 500M IMIX FW + SFP
host-edge840-23 35 30 2000 50000 100000 3 1 710 50M
host-edge840-24 44 30 2000 50000 100000 3 1 710 50M
host-edge840-25 9 30 2000 50000 100000 3 1 710 50M
host-edge840-26 79 30 2000 50000 100000 3 1 710 100M
host-edge840-27 77 30 2000 50000 100000 3 1 710 100M
host-edge840-28 41 30 2000 50000 100000 2 2 720 50M SFP
host-edge840-29 83 30 2000 50000 100000 3 1 710 100M
host-edge840-30 40 30 2000 50000 100000 4 0 710 50M
host-edge840-31 38 30 2000 50000 100000 3 1 710 50M
host-edge840-32 34 30 2000 50000 100000 3 1 710 50M
host-edge840-33 36 30 2000 50000 100000 3 1 710 50M
host-edge840-34 40 30 2000 50000 100000 2 2 720 50M SFP
host-edge840-35 46 30 2000 50000 100000 2 2 720 50M SFP
host-edge840-36 44 30 2000 50000 100000 3 1 710 50M
host-edge840-37 34 30 2000 50000 100000 3 1 710 50M
host-edge840-38 39 30 2000 50000 100000 3 1 710 50M
host-edge840-39 33 30 2000 50000 100000 2 2 720 50M SFP
host-edge840-40 37 30 2000 50000 100000 4 0 710 50M
host-edge840-41 46 30 2000 50000 100000 4 0 710 50M
host-edge840-42 40 30 2000 50000 100000 4 0 710 50M
host-edge840-43 42 30 2000 50000 100000 4 0 710 50M
host-edge840-44 34 30 2000 50000 100000 3 1 710 50M
host-edge840-45 48 30 2000 50000 100000 3 1 710 50M
host-edge840-46 44 30 2000 50000 100000 3 1 710 50M
host-edge840-47 38 30 2000 50000 100000 3 1 710 50M
host-edge840-48 36 30 2000 50000 100000 3 1 710 50M
host-edge840-49 34 30 2000 50000 100000 3 1 710 50M
host-edge840-50 46 30 2000 50000 100000 3 1 710 50M
host-edge840-51 40 30 2000 50000 100000 3 1 710 50M
host-edge840-52 88 30 2000 50000 100000 3 1 710 100M
host-edge840-53 24 30 2000 50000 100000 2 2 710 30M
host-edge840-54 22 30 2000 50000 100000 2 2 710 30M
host-edge840-55 13 30 2000 50000 100000 3 1 710 30M
host-edge840-56 15 30 2000 50000 100000 3 1 710 30M
host-edge840-57 19 30 2000 50000 100000 3 1 710 30M
host-edge840-58 26 30 2000 50000 100000 4 0 710 30M
host-edge840-59 27 30 2000 50000 100000 4 0 710 30M
host-edge840-60 20 30 2000 50000 100000 4 0 710 30M
host-edge840-61 12 30 2000 50000 100000 4 0 710 30M
host-edge840-62 18 30 2000 50000 100000 3 1 710 30M
host-edge840-63 15 30 2000 50000 100000 3 1 710 30M
host-edge840-64 16 30 2000 50000 100000 3 1 710 30M
host-edge840-65 6 30 2000 50000 100000 3 1 710 10M
host-edge840-66 4 30 2000 50000 100000 3 1 710 10M
host-edge840-67 8 30 2000 50000 100000 4 0 710 10M
host-edge840-68 7 30 2000 50000 100000 4 0 710 10M
host-edge840-69 6 30 2000 50000 100000 4 0 710 10M
host-edge840-70 6 30 2000 50000 100000 4 0 710 10M
host-edge840-71 2 30 2000 50000 100000 3 1 710 10M
host-edge840-72 5 30 2000 50000 100000 3 1 710 10M
host-edge840-73 7 30 2000 50000 100000 3 1 710 10M
host-edge840-74 6 30 2000 50000 100000 4 0 710 10M
host-edge840-75 4 30 2000 50000 100000 4 0 710 10M
host-edge840-76 2 30 2000 50000 100000 4 0 710 10M
host-edge840-77 3 30 2000 50000 100000 4 0 710 10M
host-edge840-78 3 30 2000 50000 100000 3 1 710 10M
host-edge840-79 7 30 2000 50000 100000 3 1 710 10M
host-edge840-80 4 30 2000 50000 100000 3 1 710 10M
host-edge680-01 5 30 2000 50000 100000 4 0 710 10M
host-edge680-02 6 30 2000 50000 100000 4 0 710 10M
host-edge680-03 7 30 2000 50000 100000 3 1 710 10M
host-edge680-04 4 30 2000 50000 100000 3 1 710 10M
host-edge680-05 5 30 2000 50000 100000 3 1 710 10M
host-edge680-06 34 30 2000 50000 100000 2 2 720 50M SFP
host-edge680-07 168 80 2000 50000 100000 2 2 720 200M Tunnels
host-edge680-08 589 450 22000 50000 100000 2 2 740 1G Flows / sec + tunnels
host-edge680-09 1284 30 22000 50000 600000 2 2 740 2G NAT entries + IMIX + Flow/s
host-edge680-10 88 30 2000 50000 100000 2 2 720 100M SFP